mass_moment_of_inertia: # kg m^2
  Lxx: 0.00884234
  Lxy: -0.00009628
  Lxz: -0.00009628
  Lyx: -0.00009628
  Lyy: 0.00552674
  Lyz: 0.00031082
  Lzx: -0.00021275
  Lzy: 0.00031082
  Lzz: 0.00908653
mass: 1.94701706 # kg
center_of_mass: # m
  x: 0.00184695
  y: -0.00867721
  z: -0.01611131