mass_moment_of_inertia: # kg m^2
  Lxx: 0.00354574
  Lxy: 4.503e-7
  Lxz: 0.00000226
  Lyx: 4.503e-7
  Lyy: 0.00069001
  Lyz: 0.00069376
  Lzx: 0.00000226
  Lzy: 0.00069376
  Lzz: 0.00303064
mass: 0.82572217 # kg