mass_moment_of_inertia: # kg m^2
  Lxx: 0.00066584
  Lxy: -0.00000239
  Lxz: -0.00000552
  Lyx: -0.00000239
  Lyy: 0.00053888
  Lyz: -0.00023881
  Lzx: -0.00000552
  Lzy: -0.00023881
  Lzz: 0.00013608
mass: 0.11351157 # kg
center_of_mass: # m
  x: 0.08519901
  y: 0.07377895
  z: -0.14131629