mass_moment_of_inertia: # kg m^2
  Lxx: 0.00014814
  Lxy: 0.00001611
  Lxz: -1.388e-11
  Lyx: 0.00001611
  Lyy: 0.00002542
  Lyz: -2.401e-11
  Lzx: -1.388e-11
  Lzy: -2.401e-11
  Lzz: 0.00015974
mass: 0.07053 # kg
center_of_mass: # m
  x: 0.06712478
  y: 0.02106719
  z: -0.00848904