mass_moment_of_inertia: # kg m^2
  Lxx: 0.00361489
  Lxy: -8.350e-7
  Lxz: -0.00000253
  Lyx: -8.350e-7
  Lyy: 0.00071356
  Lyz: 0.0007078
  Lzx: -0.00000253
  Lzy: 0.0007078
  Lzz: 0.00308097
mass: 0.84232217 # kg