mass_moment_of_inertia: # kg m^2
  Lxx: 0.00066584
  Lxy: 0.00000238
  Lxz: 0.00000552
  Lyx: 0.00000238
  Lyy: 0.00054009
  Lyz: -0.00023778
  Lzx: 0.00000552
  Lzy: -0.00023778
  Lzz: 0.00013487
mass: 0.11351157 # kg
center_of_mass: # m
  x: -0.08491173
  y: 0.07397401
  z: -0.14164978